Selection	View	Channel	Begin Time (s)	End Time (s)	Low Freq (Hz)	High Freq (Hz)	Unit
1	Spectrogram 1	1	4637.638672379	4653.851127375	72.9	87.6	A
2	Spectrogram 1	1	4669.187233453	4680.579769396	6.1	15.6	C
3	Spectrogram 1	1	4680.141594937	4692.848654258	12.1	59.9	B
4	Spectrogram 1	1	8634.666368813	8651.316998269	72.9	85.9	A
5	Spectrogram 1	1	8668.843976643	8679.798338127	6.1	13.9	C
6	Spectrogram 1	1	8679.360163668	8702.145235554	8.7	62.5	B
7	Spectrogram 1	1	8720.548562847	8731.064749872	4.3	16.5	C
8	Spectrogram 1	1	8731.502924331	8745.524507031	11.3	63.3	B
9	Spectrogram 1	1	8860.326215383	8878.729542676	12.1	88.5	A
10	Spectrogram 1	1	8896.256521050	8908.525405912	7.8	13.9	C
11	Spectrogram 1	1	8910.278103749	8923.861511989	8.7	62.5	B
12	Spectrogram 1	1	10434.687179020	10449.585110638	9.5	85.9	A
13	Spectrogram 1	1	10465.797565634	10478.066450496	6.1	14.7	C
14	Spectrogram 1	1	10477.628276037	10492.088033196	9.5	61.6	B
15	Spectrogram 1	1	10545.107142778	10560.443248855	10.4	89.4	A
16	Spectrogram 1	1	10578.846576148	10588.924588714	6.1	15.6	C
17	Spectrogram 1	1	10590.239112092	10604.698869251	11.3	64.2	B
18	Spectrogram 1	1	10691.457430941	10706.793537019	10.4	87.6	A
19	Spectrogram 1	1	10724.320515393	10736.151225796	5.2	17.4	C
20	Spectrogram 1	1	10735.274876877	10758.059948764	5.2	64.2	B
21	Spectrogram 1	1	10774.272403760	10787.855812000	6.9	15.6	C
22	Spectrogram 1	1	10785.226765244	10809.764534968	10.4	62.5	B
23	Spectrogram 1	1	10827.291513342	10838.684049285	6.9	14.7	C
24	Spectrogram 1	1	10839.122223745	10852.267457526	8.7	63.3	B
25	Spectrogram 1	1	10951.733078538	10969.698231371	9.5	87.6	A
26	Spectrogram 1	1	10988.977907583	10997.741396770	8.7	16.5	C
27	Spectrogram 1	1	10997.741396770	11022.717340953	8.7	69.4	B
28	Spectrogram 1	1	11038.491621490	11049.445982974	5.2	13.9	C
29	Spectrogram 1	1	11049.884157434	11073.983752698	8.7	65.1	B
30	Spectrogram 1	1	11091.510731073	11102.903267016	8.7	15.6	C
31	Spectrogram 1	1	11102.465092557	11125.250164443	9.5	62.5	B
32	Spectrogram 1	1	11142.338968358	11153.293329842	7.8	14.7	C
33	Spectrogram 1	1	11154.169678761	11176.516576188	10.4	64.2	B
34	Spectrogram 1	1	11198.863492353	11207.626981540	7.8	13.9	C
35	Spectrogram 1	1	11207.626981540	11221.210389780	10.4	61.6	B
36	Spectrogram 1	1	11291.047146225	11306.821426762	72.0	85.9	A
37	Spectrogram 1	1	11327.853800811	11327.853800811	9.5	9.5	C
38	Spectrogram 1	1	11336.617289999	11348.448000401	42.7	63.6	B
39	Spectrogram 1	1	11379.996561475	11379.996561475	11.4	11.4	C
40	Spectrogram 1	1	11391.389097418	11391.389097418	43.7	43.7	B
41	Spectrogram 1	1	11431.262973220	11431.262973220	13.3	13.3	C
42	Spectrogram 1	1	11442.217334704	11442.217334704	57.9	57.9	B
43	Spectrogram 1	1	11485.158431721	11485.158431721	10.4	10.4	C
44	Spectrogram 1	1	11496.112793205	11496.112793205	56.0	56.0	B
45	Spectrogram 1	1	11539.492102157	11539.492102157	9.5	9.5	C
46	Spectrogram 1	1	11550.446463641	11550.446463641	57.9	57.9	B
47	Spectrogram 1	1	11652.102938212	11652.102938212	82.6	82.6	A
48	Spectrogram 1	1	11688.471418339	11688.471418339	9.5	9.5	C
49	Spectrogram 1	1	11698.987605363	11698.987605363	58.8	58.8	B
50	Spectrogram 1	1	11737.108783327	11737.108783327	12.3	12.3	C
51	Spectrogram 1	1	11748.939493730	11748.939493730	56.9	56.9	B
52	Spectrogram 1	1	11792.756939666	11792.756939666	11.4	11.4	C
53	Spectrogram 1	1	11803.273126690	11803.273126690	57.9	57.9	B
54	Spectrogram 1	1	11906.682299099	11906.682299099	79.7	79.7	A
55	Spectrogram 1	1	11942.174430307	11942.174430307	7.6	7.6	C
56	Spectrogram 1	1	11955.319664087	11955.319664087	56.0	56.9	B
57	Spectrogram 1	1	11996.946256464	11996.946256464	11.0	11.0	C
58	Spectrogram 1	1	12007.900617948	12007.900617948	46.1	46.1	B
59	Spectrogram 1	1	12047.774493750	12047.774493750	13.0	13.0	C
60	Spectrogram 1	1	12059.167029693	12059.167029693	46.1	46.1	B
61	Spectrogram 1	1	12105.613522385	12105.613522385	13.0	13.0	C
62	Spectrogram 1	1	12114.815186032	12114.815186032	46.1	46.1	B
63	Spectrogram 1	1	12198.068352047	12198.068352047	82.2	82.2	A
64	Spectrogram 1	1	12231.807785418	12231.807785418	11.0	11.0	C
65	Spectrogram 1	1	12242.762146902	12242.762146902	45.1	45.1	B
66	Spectrogram 1	1	12285.265069459	12285.265069459	11.0	11.0	C
67	Spectrogram 1	1	12296.219430943	12296.219430943	45.1	45.1	B
68	Spectrogram 1	1	12339.160527961	12339.160527961	15.0	15.0	C
69	Spectrogram 1	1	12349.676714985	12349.676714985	47.1	47.1	B
70	Spectrogram 1	1	12449.142335997	12449.142335997	85.3	85.3	A
71	Spectrogram 1	1	12485.948990583	12485.948990583	14.0	14.0	C
72	Spectrogram 1	1	12497.779700986	12497.779700986	45.1	45.1	B
73	Spectrogram 1	1	12540.282623544	12540.282623544	12.0	12.0	C
74	Spectrogram 1	1	12551.675159487	12551.675159487	46.1	46.1	B
75	Spectrogram 1	1	12677.869422520	12677.869422520	84.3	84.3	A
76	Spectrogram 1	1	12714.676077106	12714.676077106	12.0	12.0	C
77	Spectrogram 1	1	12725.630438590	12725.630438590	45.1	45.1	B
78	Spectrogram 1	1	13180.017390419	13180.017390419	84.3	84.3	A
79	Spectrogram 1	1	13216.385870546	13216.385870546	12.0	12.0	C
80	Spectrogram 1	1	13228.216580949	13228.216580949	47.1	47.1	B
81	Spectrogram 1	1	13329.434881060	13329.434881060	86.3	86.3	A
82	Spectrogram 1	1	13363.612488890	13363.612488890	12.0	12.0	C
83	Spectrogram 1	1	13374.128675915	13374.128675915	49.1	49.1	B
84	Spectrogram 1	1	13462.201760984	13462.201760984	85.3	85.3	A
85	Spectrogram 1	1	13499.884764488	13499.884764488	12.0	12.0	C
86	Spectrogram 1	1	13510.400951513	13510.400951513	60.2	60.2	B
87	Spectrogram 1	1	13637.909737924	13637.909737924	84.3	84.3	A
88	Spectrogram 1	1	13677.783613725	13677.783613725	13.0	13.0	C
89	Spectrogram 1	1	13688.299800750	13688.299800750	62.2	62.2	B
90	Spectrogram 1	1	13762.789458841	13762.789458841	82.2	82.2	A
91	Spectrogram 1	1	13800.034287886	13800.034287886	12.0	12.0	C
92	Spectrogram 1	1	13810.550474911	13810.550474911	59.2	59.2	B
93	Spectrogram 1	1	13912.645142679	13912.645142679	83.2	83.2	A
94	Spectrogram 1	1	13948.137273887	13948.137273887	11.0	11.0	C
95	Spectrogram 1	1	13958.215286452	13958.215286452	61.2	61.2	B
96	Spectrogram 1	1	13998.965511172	13998.965511172	12.0	12.0	C
97	Spectrogram 1	1	14010.796221575	14010.796221575	61.2	61.2	B
98	Spectrogram 1	1	14493.664532001	14493.664532001	86.3	86.3	A
99	Spectrogram 1	1	14530.909361046	14530.909361046	13.0	13.0	C
100	Spectrogram 1	1	14541.425548071	14541.425548071	46.1	46.1	B
101	Spectrogram 1	1	14579.984900494	14579.984900494	12.0	12.0	C
102	Spectrogram 1	1	14590.062913060	14590.062913060	57.2	57.2	B
103	Spectrogram 1	1	14714.942633977	14714.942633977	85.3	85.3	A
104	Spectrogram 1	1	14753.063811941	14753.063811941	13.0	13.0	C
105	Spectrogram 1	1	14760.950952209	14760.950952209	46.1	46.1	B
106	Spectrogram 1	1	14800.824828011	14800.824828011	12.0	12.0	C
107	Spectrogram 1	1	14812.217363954	14812.217363954	46.1	46.1	B
108	Spectrogram 1	1	14850.338560656	14850.338560656	13.0	13.0	C
109	Spectrogram 1	1	14861.292922140	14861.292922140	47.1	47.1	B
110	Spectrogram 1	1	14970.398381258	14970.398381258	86.3	86.3	A
111	Spectrogram 1	1	15006.766861384	15006.766861384	13.0	13.0	C
112	Spectrogram 1	1	15017.283048409	15017.283048409	45.1	45.1	B
113	Spectrogram 1	1	15059.785970967	15059.785970967	13.0	13.0	C
114	Spectrogram 1	1	15072.054855829	15072.054855829	44.1	44.1	B
115	Spectrogram 1	1	15113.681429468	15113.681429468	12.0	12.0	C
116	Spectrogram 1	1	15125.073965411	15125.073965411	47.1	47.1	B
117	Spectrogram 1	1	15167.576887969	15167.576887969	12.0	12.0	C
118	Spectrogram 1	1	15179.845772831	15179.845772831	46.1	46.1	B
119	Spectrogram 1	1	15221.910520929	15221.910520929	13.0	13.0	C
120	Spectrogram 1	1	15232.426707954	15232.426707954	44.1	44.1	B
121	Spectrogram 1	1	15277.120502808	15277.120502808	12.0	12.0	C
122	Spectrogram 1	1	15285.883991995	15285.883991995	45.1	45.1	B
123	Spectrogram 1	1	15385.349613007	15385.349613007	84.3	84.3	A
124	Spectrogram 1	1	15421.718093134	15421.718093134	11.0	11.0	C
125	Spectrogram 1	1	15432.234280159	15432.234280159	47.1	47.1	B
126	Spectrogram 1	1	15473.860853798	15473.860853798	12.0	12.0	C
127	Spectrogram 1	1	15484.377040822	15484.377040822	45.1	45.1	B
128	Spectrogram 1	1	15528.632661217	15528.632661217	13.0	13.0	C
129	Spectrogram 1	1	15539.148848242	15539.148848242	45.1	45.1	B
130	Spectrogram 1	1	15618.020269664	15618.020269664	86.3	86.3	A
131	Spectrogram 1	1	15651.321528575	15651.321528575	13.0	13.0	C
132	Spectrogram 1	1	15662.714064519	15662.714064519	47.1	47.1	B
133	Spectrogram 1	1	15705.216987076	15705.216987076	14.0	14.0	C
134	Spectrogram 1	1	15717.485871938	15717.485871938	46.1	46.1	B
135	Spectrogram 1	1	18454.536167833	18454.536167833	84.3	84.3	A
136	Spectrogram 1	1	18500.106311606	18500.106311606	45.1	45.1	B
137	Spectrogram 1	1	18590.808424693	18590.808424693	82.2	82.2	A
138	Spectrogram 1	1	18624.986032523	18624.986032523	10.0	10.0	C
139	Spectrogram 1	1	18639.445789682	18639.445789682	44.1	44.1	B
140	Spectrogram 1	1	18746.798532224	18746.798532224	82.2	82.2	A
141	Spectrogram 1	1	18795.874071672	18795.874071672	46.1	46.1	B
142	Spectrogram 1	1	18878.689063229	18878.689063229	83.2	83.2	A
143	Spectrogram 1	1	19208.634449863	19208.634449863	85.3	85.3	A
144	Spectrogram 1	1	19245.002929990	19245.002929990	9.0	9.0	C
145	Spectrogram 1	1	19258.148163771	19258.148163771	42.1	42.1	B
146	Spectrogram 1	1	19434.732449259	19434.732449259	79.2	79.2	A
147	Spectrogram 1	1	19473.291801683	19473.291801683	10.0	10.0	C
148	Spectrogram 1	1	19483.807988707	19483.807988707	43.1	43.1	B
149	Spectrogram 1	1	19569.251986649	19569.251986649	82.2	82.2	A
150	Spectrogram 1	1	19603.429594479	19603.429594479	9.0	9.0	C
151	Spectrogram 1	1	19616.136653800	19616.136653800	44.1	44.1	B
152	Spectrogram 1	1	19687.997265135	19687.997265135	83.2	83.2	A
153	Spectrogram 1	1	19737.072804583	19737.072804583	43.1	43.1	B
154	Spectrogram 1	1	26905.607500178	26905.607500178	84.3	84.3	A
155	Spectrogram 1	1	26940.661456927	26940.661456927	12.0	12.0	C
156	Spectrogram 1	1	26953.368516248	26953.368516248	45.1	45.1	B
157	Spectrogram 1	1	27291.201043151	27291.201043151	83.2	83.2	A
158	Spectrogram 1	1	27328.445872196	27328.445872196	12.0	12.0	C
159	Spectrogram 1	1	27340.276582599	27340.276582599	44.1	44.1	B
160	Spectrogram 1	1	27426.158795371	27426.158795371	86.3	86.3	A
161	Spectrogram 1	1	27464.279973335	27464.279973335	11.0	11.0	C
162	Spectrogram 1	1	27475.234334819	27475.234334819	47.1	47.1	B
163	Spectrogram 1	1	27579.081681687	27579.081681687	83.2	83.2	A
164	Spectrogram 1	1	27617.641034110	27617.641034110	13.0	13.0	C
165	Spectrogram 1	1	27628.157221135	27628.157221135	46.1	46.1	B
166	Spectrogram 1	1	27792.910836591	27792.910836591	85.3	85.3	A
167	Spectrogram 1	1	27834.099235771	27834.099235771	13.0	13.0	C
168	Spectrogram 1	1	27844.177248336	27844.177248336	60.2	60.2	B
169	Spectrogram 1	1	27888.432887469	27888.432887469	11.0	11.0	C
170	Spectrogram 1	1	27899.825423412	27899.825423412	46.1	46.1	B
171	Spectrogram 1	1	27942.766520429	27942.766520429	13.0	13.0	C
172	Spectrogram 1	1	27952.844532995	27952.844532995	45.1	45.1	B
173	Spectrogram 1	1	28037.850378110	28037.850378110	84.3	84.3	A
174	Spectrogram 1	1	28076.847904993	28076.847904993	11.0	11.0	C
175	Spectrogram 1	1	28087.802266477	28087.802266477	46.1	46.1	B
176	Spectrogram 1	1	28128.552509935	28128.552509935	13.0	13.0	C
177	Spectrogram 1	1	28138.630522500	28138.630522500	44.1	44.1	B
178	Spectrogram 1	1	28305.574991515	28305.574991515	11.0	11.0	C
179	Spectrogram 1	1	28316.967527459	28316.967527459	44.1	44.1	B
180	Spectrogram 1	1	28567.165162490	28567.165162490	80.2	80.2	A
181	Spectrogram 1	1	28603.971817076	28603.971817076	11.0	11.0	C
182	Spectrogram 1	1	28614.049829641	28614.049829641	45.1	45.1	B
183	Spectrogram 1	1	28696.864821197	28696.864821197	83.2	83.2	A
184	Spectrogram 1	1	28733.671475784	28733.671475784	13.0	13.0	C
185	Spectrogram 1	1	28745.064011727	28745.064011727	44.1	44.1	B
186	Spectrogram 1	1	35485.064048594	35485.064048594	84.3	84.3	A
187	Spectrogram 1	1	35786.966269830	35786.966269830	81.2	81.2	A
188	Spectrogram 1	1	36250.993019395	36250.993019395	45.1	45.1	B
189	Spectrogram 1	3	36208.490096837	36208.490096837	80.2	80.2	A
190	Spectrogram 1	3	36362.289332072	36362.289332072	80.2	80.2	A
191	Spectrogram 1	1	36409.612173682	36409.612173682	45.1	45.1	B
192	Spectrogram 1	3	36491.988950409	36491.988950409	82.2	82.2	A
193	Spectrogram 1	2	36530.548302832	36530.548302832	10.0	10.0	C
194	Spectrogram 1	1	36541.502664316	36541.502664316	44.1	44.1	B
195	Spectrogram 1	1	37368.337903705	37368.337903705	82.2	82.2	A
196	Spectrogram 1	1	37413.469873019	37413.469873019	46.1	46.1	B
197	Spectrogram 1	1	37540.102291773	37540.102291773	79.2	79.2	A
198	Spectrogram 1	1	37590.054180140	37590.054180140	43.1	43.1	B
199	Spectrogram 1	1	37643.073289722	37643.073289722	46.1	46.1	B
200	Spectrogram 1	1	37697.406901050	37697.406901050	45.1	45.1	B
201	Spectrogram 1	1	37810.017737105	37810.017737105	83.2	83.2	A
202	Spectrogram 1	1	37847.700718977	37847.700718977	12.0	12.0	C
203	Spectrogram 1	1	37859.969603839	37859.969603839	45.1	45.1	B
204	Spectrogram 1	1	37899.843479641	37899.843479641	10.0	10.0	C
205	Spectrogram 1	1	37913.865062340	37913.865062340	47.1	47.1	B
206	Spectrogram 1	1	37956.806159357	37956.806159357	14.0	14.0	C
207	Spectrogram 1	1	37969.075044219	37969.075044219	46.1	46.1	B
208	Spectrogram 1	1	38046.631923525	38046.631923525	83.2	83.2	A
209	Spectrogram 1	1	38097.021964719	38097.021964719	46.1	46.1	B
210	Spectrogram 1	1	38146.097504167	38146.097504167	45.1	45.1	B
211	Spectrogram 1	1	38249.506676575	38249.506676575	83.2	83.2	A
212	Spectrogram 1	1	38294.200471430	38294.200471430	44.1	44.1	B
213	Spectrogram 1	1	38347.219581012	38347.219581012	46.1	46.1	B
214	Spectrogram 1	1	38402.429581629	38402.429581629	45.1	45.1	B
215	Spectrogram 1	1	38476.919239720	38476.919239720	82.2	82.2	A
216	Spectrogram 1	1	38525.556604709	38525.556604709	46.1	46.1	B
217	Spectrogram 1	1	38575.070318616	38575.070318616	46.1	46.1	B
218	Spectrogram 1	1	38704.331802864	38704.331802864	84.3	84.3	A
219	Spectrogram 1	1	38744.205678666	38744.205678666	10.0	10.0	C
220	Spectrogram 1	1	38751.654644475	38751.654644475	45.1	45.1	B
221	Spectrogram 1	1	38806.864626354	38806.864626354	47.1	47.1	B
222	Spectrogram 1	1	38847.614851074	38847.614851074	12.0	12.0	C
223	Spectrogram 1	1	38860.760084855	38860.760084855	45.1	45.1	B
224	Spectrogram 1	1	38905.892072907	38905.892072907	12.0	12.0	C
225	Spectrogram 1	1	38915.531911013	38915.531911013	46.1	46.1	B
226	Spectrogram 1	1	38968.551020595	38968.551020595	45.1	45.1	B
227	Spectrogram 1	1	39013.244815450	39013.244815450	45.1	45.1	B
228	Spectrogram 1	1	39067.140273951	39067.140273951	46.1	46.1	B
229	Spectrogram 1	1	39117.968529974	39117.968529974	44.1	44.1	B
230	Spectrogram 1	1	39173.616686312	39173.616686312	45.1	45.1	B
231	Spectrogram 1	1	39267.386020615	39267.386020615	83.2	83.2	A
232	Spectrogram 1	1	39315.147036685	39315.147036685	44.1	44.1	B
233	Spectrogram 1	1	39816.418593663	39816.418593663	83.2	83.2	A
234	Spectrogram 1	1	39852.348899330	39852.348899330	9.0	9.0	C
235	Spectrogram 1	1	39864.179609733	39864.179609733	45.1	45.1	B
236	Spectrogram 1	1	43801.177324493	43801.177324493	82.2	82.2	A
237	Spectrogram 1	1	43850.252863942	43850.252863942	44.1	44.1	B
238	Spectrogram 1	1	44017.197332957	44017.197332957	82.2	82.2	A
239	Spectrogram 1	1	44062.767476730	44062.767476730	45.1	45.1	B
240	Spectrogram 1	1	44115.348430591	44115.348430591	45.1	45.1	B
241	Spectrogram 1	1	44190.276263141	44190.276263141	81.2	81.2	A
242	Spectrogram 1	1	44238.037279211	44238.037279211	45.1	45.1	B
243	Spectrogram 1	1	44354.153529679	44354.153529679	83.2	83.2	A
244	Spectrogram 1	1	44403.229069127	44403.229069127	45.1	45.1	B
245	Spectrogram 1	1	44478.156901677	44478.156901677	81.2	81.2	A
246	Spectrogram 1	1	44527.670615584	44527.670615584	46.1	46.1	B
247	Spectrogram 1	2	44520.221649775	44520.221649775	12.0	12.0	C
248	Spectrogram 1	1	44619.687270787	44619.687270787	82.2	82.2	A
249	Spectrogram 1	1	44670.077333613	44670.077333613	44.1	44.1	B
250	Spectrogram 1	3	44798.462468943	44798.462468943	85.3	85.3	A
251	Spectrogram 1	1	44842.718089338	44842.718089338	46.1	46.1	B
252	Spectrogram 1	1	44897.489896758	44897.489896758	45.1	45.1	B
253	Spectrogram 1	1	44951.385355259	44951.385355259	46.1	46.1	B
254	Spectrogram 1	1	45032.885823437	45032.885823437	84.3	84.3	A
255	Spectrogram 1	1	45080.646839507	45080.646839507	45.1	45.1	B
256	Spectrogram 1	1	45132.789600171	45132.789600171	47.1	47.1	B
257	Spectrogram 1	1	45186.685058672	45186.685058672	46.1	46.1	B
258	Spectrogram 1	1	45304.992181436	45304.992181436	84.3	84.3	A
259	Spectrogram 1	1	45351.876848588	45351.876848588	48.1	48.1	B
260	Spectrogram 1	1	45405.334132629	45405.334132629	45.1	45.1	B
261	Spectrogram 1	1	45460.105940049	45460.105940049	45.1	45.1	B
262	Spectrogram 1	1	45514.439573009	45514.439573009	47.1	47.1	B
263	Spectrogram 1	1	45569.649573626	45569.649573626	46.1	46.1	B
264	Spectrogram 1	1	45667.800652522	45667.800652522	83.2	83.2	A
265	Spectrogram 1	1	45715.123494133	45715.123494133	45.1	45.1	B
266	Spectrogram 1	1	45768.142603715	45768.142603715	46.1	46.1	B
267	Spectrogram 1	3	45852.272118650	45852.272118650	82.2	82.2	A
268	Spectrogram 1	1	45900.033134720	45900.033134720	45.1	45.1	B
269	Spectrogram 1	1	46005.195023703	46005.195023703	81.2	81.2	A
270	Spectrogram 1	1	46047.697946261	46047.697946261	45.1	45.1	B
271	Spectrogram 1	1	46102.469753681	46102.469753681	48.1	48.1	B
272	Spectrogram 1	1	46180.902981906	46180.902981906	85.3	85.3	A
273	Spectrogram 1	1	46227.787649057	46227.787649057	45.1	45.1	B
274	Spectrogram 1	3	46386.406822083	46386.406822083	83.2	83.2	A
275	Spectrogram 1	1	46433.729663693	46433.729663693	45.1	45.1	B
276	Spectrogram 1	3	46513.039259575	46513.039259575	78.2	78.2	A
277	Spectrogram 1	1	46559.047577807	46559.047577807	46.1	46.1	B
278	Spectrogram 1	3	46636.166282654	46636.166282654	84.3	84.3	A
279	Spectrogram 1	1	46684.803647643	46684.803647643	46.1	46.1	B
280	Spectrogram 1	1	46796.538153517	46796.538153517	85.3	85.3	A
281	Spectrogram 1	1	46846.051867424	46846.051867424	45.1	45.1	B
282	Spectrogram 1	1	46901.700023763	46901.700023763	45.1	45.1	B
283	Spectrogram 1	3	46976.627875051	46976.627875051	82.2	82.2	A
284	Spectrogram 1	1	47802.586787154	47802.586787154	85.3	85.3	A
285	Spectrogram 1	1	47846.842407549	47846.842407549	46.1	46.1	B
286	Spectrogram 1	3	47962.082309098	47962.082309098	82.2	82.2	A
287	Spectrogram 1	1	48009.843325168	48009.843325168	47.1	47.1	B
288	Spectrogram 1	1	48062.424260291	48062.424260291	45.1	45.1	B
289	Spectrogram 1	1	48116.319718792	48116.319718792	46.1	46.1	B
290	Spectrogram 1	1	48170.215177293	48170.215177293	46.1	46.1	B
291	Spectrogram 1	1	48221.481607775	48221.481607775	44.1	44.1	B
292	Spectrogram 1	1	48276.253415195	48276.253415195	44.1	44.1	B
293	Spectrogram 1	1	48370.460923957	48370.460923957	84.3	84.3	A
294	Spectrogram 1	1	48418.221958765	48418.221958765	46.1	46.1	B
295	Spectrogram 1	1	48471.679242807	48471.679242807	44.1	44.1	B
296	Spectrogram 1	1	48523.822003470	48523.822003470	45.1	45.1	B
297	Spectrogram 1	1	48579.470159809	48579.470159809	46.1	46.1	B
298	Spectrogram 1	1	48635.556490606	48635.556490606	46.1	46.1	B
299	Spectrogram 1	1	48689.451967845	48689.451967845	46.1	46.1	B
300	Spectrogram 1	1	48742.471077427	48742.471077427	44.1	44.1	B
301	Spectrogram 1	1	48842.813028620	48842.813028620	85.3	85.3	A
302	Spectrogram 1	1	48887.945016672	48887.945016672	46.1	46.1	B
303	Spectrogram 1	1	48941.840475173	48941.840475173	47.1	47.1	B
304	Spectrogram 1	1	48989.163316784	48989.163316784	44.1	44.1	B
305	Spectrogram 1	1	49043.058775285	49043.058775285	48.1	48.1	B
306	Spectrogram 1	1	49097.830582704	49097.830582704	45.1	45.1	B
307	Spectrogram 1	1	49194.667156960	49194.667156960	83.2	83.2	A
308	Spectrogram 1	1	49238.922777355	49238.922777355	44.1	44.1	B
309	Spectrogram 1	1	49291.503712478	49291.503712478	46.1	46.1	B
310	Spectrogram 1	1	49344.084647601	49344.084647601	46.1	46.1	B
311	Spectrogram 1	1	49399.294648218	49399.294648218	46.1	46.1	B
312	Spectrogram 1	1	49451.875583341	49451.875583341	45.1	45.1	B
313	Spectrogram 1	1	49506.647390761	49506.647390761	45.1	45.1	B
314	Spectrogram 1	3	49600.854918261	49600.854918261	84.3	84.3	A
315	Spectrogram 1	1	49650.368632168	49650.368632168	45.1	45.1	B
316	Spectrogram 1	1	49704.702265128	49704.702265128	48.1	48.1	B
317	Spectrogram 1	1	49760.788595926	49760.788595926	45.1	45.1	B
318	Spectrogram 1	1	49813.807705509	49813.807705509	45.1	45.1	B
319	Spectrogram 1	1	49868.579531666	49868.579531666	45.1	45.1	B
320	Spectrogram 1	3	49951.394504485	49951.394504485	85.3	85.3	A
321	Spectrogram 1	1	49997.840997177	49997.840997177	45.1	45.1	B
322	Spectrogram 1	1	50052.174648875	50052.174648875	48.1	48.1	B
323	Spectrogram 1	1	50106.070107376	50106.070107376	46.1	46.1	B
324	Spectrogram 1	1	50160.841914795	50161.280089255	47.1	47.1	B
325	Spectrogram 1	1	50215.613722215	50215.613722215	45.1	45.1	B
326	Spectrogram 1	3	50316.832041065	50316.832041065	85.3	85.3	A
327	Spectrogram 1	1	50358.896789163	50358.896789163	47.1	47.1	B
328	Spectrogram 1	1	50414.106771042	50414.106771042	46.1	46.1	B
329	Spectrogram 1	1	50468.002229543	50468.002229543	45.1	45.1	B
330	Spectrogram 1	1	50523.212211422	50523.212211422	46.1	46.1	B
331	Spectrogram 1	1	50576.231339742	50576.231339742	46.1	46.1	B
332	Spectrogram 1	3	50655.540916886	50655.540916886	86.3	86.3	A
333	Spectrogram 1	1	50703.301932956	50703.301932956	45.1	45.1	B
334	Spectrogram 1	1	50755.882868079	50755.882868079	46.1	46.1	B
335	Spectrogram 1	1	50808.901996399	50808.901996399	45.1	45.1	B
336	Spectrogram 1	1	50863.235629359	50863.235629359	46.1	46.1	B
337	Spectrogram 1	1	50917.569262320	50917.569262320	45.1	45.1	B
338	Spectrogram 1	3	51032.370989409	51032.370989409	81.2	81.2	A
339	Spectrogram 1	1	51078.817482101	51078.817482101	47.1	47.1	B
340	Spectrogram 1	1	51132.712940602	51132.712940602	46.1	46.1	B
341	Spectrogram 1	1	51187.922922481	51187.922922481	46.1	46.1	B
342	Spectrogram 1	1	51243.132904361	51243.132904361	46.1	46.1	B
343	Spectrogram 1	1	51297.028381599	51297.028381599	45.1	45.1	B
344	Spectrogram 1	1	51350.923840100	51350.923840100	46.1	46.1	B
345	Spectrogram 1	1	51405.695647520	51405.695647520	45.1	45.1	B
346	Spectrogram 1	1	51665.971295116	51665.971295116	87.3	87.3	A
347	Spectrogram 1	1	51715.046834564	51715.046834564	47.1	47.1	B
348	Spectrogram 1	1	51821.523246926	51821.523246926	84.3	84.3	A
349	Spectrogram 1	1	51868.407914077	51868.407914077	44.1	44.1	B
350	Spectrogram 1	1	51923.179721497	51923.179721497	45.1	45.1	B
351	Spectrogram 1	1	51975.760675358	51975.760675358	46.1	46.1	B
352	Spectrogram 1	1	52030.094308318	52030.094308318	45.1	45.1	B
353	Spectrogram 1	1	52083.989766819	52083.989766819	44.1	44.1	B
354	Spectrogram 1	1	52138.761574239	52138.761574239	47.1	47.1	B
355	Spectrogram 1	1	52192.657032740	52192.657032740	45.1	45.1	B
356	Spectrogram 1	1	52246.114335519	52246.114335519	46.1	46.1	B
357	Spectrogram 1	1	56093.724562945	56093.724562945	83.2	83.2	A
358	Spectrogram 1	1	56142.800102393	56142.800102393	45.1	45.1	B
359	Spectrogram 1	1	56196.695560894	56196.695560894	44.1	44.1	B
360	Spectrogram 1	1	56250.152844936	56250.152844936	45.1	45.1	B
361	Spectrogram 1	1	56304.048322175	56304.048322175	45.1	45.1	B
362	Spectrogram 1	1	56357.943780676	56357.943780676	46.1	46.1	B
363	Spectrogram 1	1	56433.309787685	56433.309787685	84.3	84.3	A
364	Spectrogram 1	1	56483.261676052	56483.261676052	46.1	46.1	B
365	Spectrogram 1	1	56534.966280994	56534.966280994	46.1	46.1	B
366	Spectrogram 1	3	56626.544743000	56626.544743000	84.3	84.3	A
367	Spectrogram 1	1	56675.620282448	56675.620282448	46.1	46.1	B
368	Spectrogram 1	1	56730.830264327	56730.830264327	45.1	45.1	B
369	Spectrogram 1	1	56782.973043728	56782.973043728	46.1	46.1	B
370	Spectrogram 1	1	56836.868502229	56836.868502229	44.1	44.1	B
371	Spectrogram 1	1	56890.763960730	56890.763960730	45.1	45.1	B
372	Spectrogram 1	1	56982.780615933	56982.780615933	83.2	83.2	A
373	Spectrogram 1	1	57030.979806463	57030.979806463	45.1	45.1	B
374	Spectrogram 1	1	57082.684392667	57082.684392667	44.1	44.1	B
375	Spectrogram 1	1	57138.332549005	57138.332549005	46.1	46.1	B
376	Spectrogram 1	1	57191.351658588	57191.351658588	46.1	46.1	B
377	Spectrogram 1	1	57287.750058384	57287.750058384	83.2	83.2	A
378	Spectrogram 1	1	57337.263772292	57337.263772292	44.1	44.1	B
379	Spectrogram 1	1	57440.672944700	57440.672944700	82.2	82.2	A
380	Spectrogram 1	1	57489.748502886	57489.748502886	47.1	47.1	B
381	Spectrogram 1	1	57537.947693415	57537.947693415	46.1	46.1	B
382	Spectrogram 1	1	57614.190049344	57614.190049344	81.2	81.2	A
383	Spectrogram 1	1	57661.074716495	57661.074716495	45.1	45.1	B
384	Spectrogram 1	3	57795.156119796	57795.156119796	83.2	83.2	A
385	Spectrogram 1	1	57841.602612488	57841.602612488	45.1	45.1	B
386	Spectrogram 1	1	57895.498070989	57895.498070989	45.1	45.1	B
387	Spectrogram 1	1	57949.393548228	57949.393548228	45.1	45.1	B
388	Spectrogram 1	1	58003.289006729	58003.289006729	45.1	45.1	B
389	Spectrogram 1	1	58056.746290771	58056.746290771	45.1	45.1	B
390	Spectrogram 1	1	58111.518098190	58111.518098190	46.1	46.1	B
391	Spectrogram 1	1	58164.975382232	58164.975382232	47.1	47.1	B
392	Spectrogram 1	1	58221.061731768	58221.061731768	45.1	45.1	B
393	Spectrogram 1	1	58276.709888106	58276.709888106	45.1	45.1	B
394	Spectrogram 1	1	58331.919869985	58331.919869985	45.1	45.1	B
395	Spectrogram 1	1	58386.253502945	58386.253502945	44.1	44.1	B
396	Spectrogram 1	1	58442.339852481	58442.339852481	45.1	45.1	B
397	Spectrogram 1	3	58529.974744353	58529.974744353	82.2	82.2	A
398	Spectrogram 1	1	58580.364807179	58580.364807179	45.1	45.1	B
399	Spectrogram 1	1	58634.698440139	58634.698440139	46.1	46.1	B
400	Spectrogram 1	1	58689.032091837	58689.032091837	45.1	45.1	B
401	Spectrogram 1	1	58744.680248176	58744.680248176	45.1	45.1	B
402	Spectrogram 1	3	58842.393152613	58842.393152613	84.3	84.3	A
403	Spectrogram 1	1	58890.154187420	58890.154187420	46.1	46.1	B
404	Spectrogram 1	1	58944.925994840	58944.925994840	45.1	45.1	B
405	Spectrogram 1	1	58997.945104422	58997.945104422	46.1	46.1	B
406	Spectrogram 1	1	59053.593260761	59053.593260761	46.1	46.1	B
407	Spectrogram 1	3	59175.405779200	59175.405779200	85.3	85.3	A
408	Spectrogram 1	1	59221.852271892	59221.852271892	46.1	46.1	B
409	Spectrogram 1	1	59276.624079312	59276.624079312	45.1	45.1	B
410	Spectrogram 1	3	59387.920410726	59387.920410726	80.2	80.2	A
411	Spectrogram 1	1	59431.737856662	59431.737856662	46.1	46.1	B
412	Spectrogram 1	1	59486.947838541	59486.947838541	44.1	44.1	B
413	Spectrogram 1	1	59542.157820420	59542.157820420	44.1	44.1	B
414	Spectrogram 1	1	59596.053278921	59596.053278921	45.1	45.1	B
415	Spectrogram 1	1	59650.825105079	59650.825105079	46.1	46.1	B
416	Spectrogram 1	1	59705.158738039	59705.158738039	45.1	45.1	B
417	Spectrogram 1	1	59759.054196540	59759.054196540	46.1	46.1	B
418	Spectrogram 1	1	59813.826003960	59813.826003960	45.1	45.1	B
419	Spectrogram 1	1	59926.436858753	59926.436858753	81.2	81.2	A
420	Spectrogram 1	1	59976.388747120	59976.388747120	46.1	46.1	B
421	Spectrogram 1	1	60030.722380080	60030.722380080	46.1	46.1	B
422	Spectrogram 1	1	60085.932380697	60085.932380697	44.1	44.1	B
423	Spectrogram 1	1	60140.266013657	60140.266013657	46.1	46.1	B
424	Spectrogram 1	1	60194.161472158	60194.599646618	45.1	45.1	B
425	Spectrogram 1	1	60276.100096058	60276.100096058	82.2	82.2	A
426	Spectrogram 1	1	60325.175654244	60325.175654244	45.1	45.1	B
427	Spectrogram 1	1	60378.194763826	60378.194763826	44.1	44.1	B
428	Spectrogram 1	3	60485.109331910	60485.109331910	81.2	81.2	A
429	Spectrogram 1	1	60532.432173520	60532.432173520	47.1	47.1	B
430	Spectrogram 1	1	60587.203999678	60587.203999678	45.1	45.1	B
431	Spectrogram 1	1	60639.346760341	60639.346760341	46.1	46.1	B
432	Spectrogram 1	1	60718.218163026	60718.218163026	84.3	84.3	A
433	Spectrogram 1	1	60768.170051393	60768.170051393	46.1	46.1	B
434	Spectrogram 1	1	60823.380052009	60823.380052009	45.1	45.1	B
435	Spectrogram 1	1	60877.713684970	60877.713684970	47.1	47.1	B
436	Spectrogram 1	1	60932.485492389	60932.485492389	45.1	45.1	B
437	Spectrogram 1	1	60985.504601972	60985.504601972	45.1	45.1	B
438	Spectrogram 1	1	61081.026652850	61081.026652850	83.2	83.2	A
439	Spectrogram 1	1	61130.102192298	61130.102192298	46.1	46.1	B
440	Spectrogram 1	1	61184.873999717	61184.873999717	46.1	46.1	B
441	Spectrogram 1	1	61239.645807137	61239.645807137	47.1	47.1	B
442	Spectrogram 1	1	61293.979458835	61293.979458835	43.1	43.1	B
443	Spectrogram 1	3	61380.299827329	61380.299827329	84.3	84.3	A
444	Spectrogram 1	1	61432.442587992	61432.442587992	44.1	44.1	B
445	Spectrogram 1	1	61507.808595002	61507.808595002	81.2	81.2	A
446	Spectrogram 1	1	61556.007804269	61556.007804269	46.1	46.1	B
447	Spectrogram 1	1	61612.532309526	61612.532309526	45.1	45.1	B
448	Spectrogram 1	1	61732.592111390	61732.592111390	83.2	83.2	A
449	Spectrogram 1	1	61782.982192954	61782.982192954	45.1	45.1	B
450	Spectrogram 1	1	61837.754000374	61837.754000374	46.1	46.1	B
451	Spectrogram 1	1	61892.087633334	61892.087633334	45.1	45.1	B
452	Spectrogram 1	1	61945.983091835	61945.983091835	45.1	45.1	B
453	Spectrogram 1	1	62000.316743533	62000.316743533	46.1	46.1	B
454	Spectrogram 1	1	62056.841248791	62056.841248791	46.1	46.1	B
455	Spectrogram 1	1	62110.736707292	62110.736707292	45.1	45.1	B
456	Spectrogram 1	1	62191.360807813	62191.360807813	81.2	81.2	A
457	Spectrogram 1	1	62241.312714918	62241.312714918	46.1	46.1	B
458	Spectrogram 1	1	62296.960871256	62296.960871256	46.1	46.1	B
459	Spectrogram 1	1	62352.609027595	62352.609027595	45.1	45.1	B
460	Spectrogram 1	3	62478.803290628	62478.803290628	83.2	83.2	A
461	Spectrogram 1	1	62527.440655616	62527.440655616	46.1	46.1	B
462	Spectrogram 1	1	62582.650637496	62582.650637496	45.1	45.1	B
463	Spectrogram 1	1	62637.422444915	62637.422444915	45.1	45.1	B
464	Spectrogram 1	1	62692.632426794	62692.632426794	46.1	46.1	B
465	Spectrogram 1	1	62746.089729574	62746.089729574	47.1	47.1	B
466	Spectrogram 1	1	62824.084783340	62824.084783340	85.3	85.3	A
467	Spectrogram 1	1	62874.913020625	62874.913020625	45.1	45.1	B
468	Spectrogram 1	3	63078.225988505	63078.225988505	80.2	80.2	A
469	Spectrogram 1	1	63129.054225790	63129.054225790	61.2	61.2	B
470	Spectrogram 1	1	63180.320637535	63180.320637535	59.2	59.2	B
471	Spectrogram 1	3	63273.213641657	63273.213641657	85.3	85.3	A
472	Spectrogram 1	3	63321.412832186	63321.412832186	45.1	45.1	B
473	Spectrogram 1	3	63399.407904690	63399.407904690	81.2	81.2	A
474	Spectrogram 1	3	63446.730746300	63446.730746300	59.2	59.2	B
475	Spectrogram 1	3	63520.344055472	63520.344055472	82.2	82.2	A
476	Spectrogram 1	3	63568.981420461	63568.981420461	60.2	60.2	B
477	Spectrogram 1	3	63884.905243134	63884.905243134	83.2	83.2	A
478	Spectrogram 1	1	63934.418957041	63934.418957041	45.1	45.1	B
479	Spectrogram 1	1	63988.752590002	63988.752590002	46.1	46.1	B
480	Spectrogram 1	1	64043.524397421	64043.524397421	46.1	46.1	B
481	Spectrogram 1	3	64133.350180327	64133.350180327	86.3	86.3	A
482	Spectrogram 1	1	64178.920324101	64178.920324101	45.1	45.1	B
483	Spectrogram 1	1	64291.531160156	64291.531160156	83.2	83.2	A
484	Spectrogram 1	1	64436.128750481	64436.128750481	42.1	42.1	B
485	Spectrogram 1	1	64556.188552346	64556.188552346	85.3	85.3	A
486	Spectrogram 1	1	64607.893138550	64607.893138550	58.2	58.2	B
487	Spectrogram 1	1	64694.213525781	64694.213525781	84.3	84.3	A
488	Spectrogram 1	1	64742.412716310	64742.412716310	60.2	60.2	B
489	Spectrogram 1	3	64837.934767188	64837.934767188	84.3	84.3	A
490	Spectrogram 1	1	64887.886655555	64887.886655555	45.1	45.1	B
491	Spectrogram 1	1	64965.881709321	64965.881709321	82.2	82.2	A
492	Spectrogram 1	1	65011.890027553	65011.890027553	44.1	44.1	B
493	Spectrogram 1	1	65152.105873286	65152.105873286	83.2	83.2	A
494	Spectrogram 1	1	65199.428714896	65199.428714896	58.2	58.2	B
495	Spectrogram 1	1	65299.770666089	65299.770666089	81.2	81.2	A
496	Spectrogram 1	1	65348.846224275	65348.846224275	45.1	45.1	B
497	Spectrogram 1	1	65473.725945192	65473.725945192	47.1	47.1	B
498	Spectrogram 1	3	65571.438868367	65571.438868367	84.3	84.3	A
499	Spectrogram 1	1	65812.873014210	65812.873014210	81.2	81.2	A
500	Spectrogram 1	1	65862.386728118	65862.386728118	46.1	46.1	B
501	Spectrogram 1	1	65918.473058916	65918.473058916	44.1	44.1	B
502	Spectrogram 1	1	66077.968580860	66077.968580860	82.2	82.2	A
503	Spectrogram 1	1	66126.167771389	66126.167771389	44.1	44.1	B
504	Spectrogram 1	1	66220.813454610	66220.813454610	82.2	82.2	A
505	Spectrogram 1	1	66270.765342977	66270.765342977	46.1	46.1	B
506	Spectrogram 1	1	66385.128895607	66385.128895607	84.3	84.3	A
507	Spectrogram 1	1	66432.451737218	66432.451737218	46.1	46.1	B
508	Spectrogram 1	1	66787.811261233	66787.811261233	82.2	82.2	A
509	Spectrogram 1	1	66838.639498518	66838.639498518	45.1	45.1	B
510	Spectrogram 1	1	66924.083518093	66924.083518093	79.2	79.2	A
511	Spectrogram 1	1	66967.462789570	66967.462789570	45.1	45.1	B
512	Spectrogram 1	1	67022.234615727	67022.234615727	46.1	46.1	B
513	Spectrogram 1	1	67080.511818822	67080.511818822	44.1	44.1	B
514	Spectrogram 1	1	67481.879580328	67481.879580328	83.2	83.2	A
515	Spectrogram 1	1	67530.955119776	67530.955119776	43.1	43.1	B
516	Spectrogram 1	1	67612.017394757	67612.017394757	84.3	84.3	A
517	Spectrogram 1	1	67661.531108665	67661.531108665	45.1	45.1	B
518	Spectrogram 1	1	67781.152714437	67781.152714437	83.2	83.2	A
519	Spectrogram 1	1	67830.666428344	67830.666428344	44.1	44.1	B
520	Spectrogram 1	1	67914.357750081	67914.357750081	84.3	84.3	A
521	Spectrogram 1	1	67965.624140194	67965.624140194	45.1	45.1	B
522	Spectrogram 1	1	68019.957773154	68019.957773154	46.1	46.1	B
523	Spectrogram 1	1	68166.746217039	68166.746217039	83.2	83.2	A
524	Spectrogram 1	1	68213.192688098	68213.192688098	45.1	45.1	B
525	Spectrogram 1	1	68267.964495518	68267.964495518	46.1	46.1	B
526	Spectrogram 1	1	68324.927175234	68324.927175234	44.1	44.1	B
527	Spectrogram 1	1	68408.618496972	68408.618496972	85.3	85.3	A
528	Spectrogram 1	1	68459.884887084	68459.884887084	46.1	46.1	B
529	Spectrogram 1	1	68516.847566800	68516.847566800	46.1	46.1	B
530	Spectrogram 1	1	68702.195381846	68702.195381846	84.3	84.3	A
531	Spectrogram 1	1	68752.585444673	68752.585444673	45.1	45.1	B
532	Spectrogram 1	1	68890.610399370	68890.610399370	84.3	84.3	A
533	Spectrogram 1	1	68940.124132015	68940.124132015	45.1	45.1	B
534	Spectrogram 1	1	69267.002297434	69267.002297434	83.2	83.2	A
535	Spectrogram 1	1	69313.448790126	69313.448790126	45.1	45.1	B
536	Spectrogram 1	1	69964.137918486	69964.137918486	81.2	81.2	A
537	Spectrogram 1	1	70012.337109015	70012.337109015	45.1	45.1	B
538	Spectrogram 1	1	70067.985265354	70067.985265354	45.1	45.1	B
539	Spectrogram 1	1	70259.905697290	70259.905697290	80.2	80.2	A
540	Spectrogram 1	1	70305.475841063	70305.475841063	43.1	43.1	B
541	Spectrogram 1	3	70516.675949212	70516.675949212	83.2	83.2	A
542	Spectrogram 1	1	70563.122441904	70563.122441904	43.1	43.1	B
543	Spectrogram 1	1	71662.940307469	71662.940307469	83.2	83.2	A
544	Spectrogram 1	1	71710.263149080	71710.263149080	46.1	46.1	B
545	Spectrogram 1	1	71844.344512011	71844.344512011	84.3	84.3	A
546	Spectrogram 1	1	71892.105528081	71892.105528081	46.1	46.1	B
547	Spectrogram 1	1	71988.942102336	71988.942102336	83.2	83.2	A
548	Spectrogram 1	1	72038.455816244	72038.455816244	46.1	46.1	B
549	Spectrogram 1	1	72146.246733246	72146.246733246	82.2	82.2	A
550	Spectrogram 1	1	72191.378702560	72191.378702560	45.1	45.1	B
551	Spectrogram 1	1	72246.588703177	72246.588703177	45.1	45.1	B
552	Spectrogram 1	1	72301.360510596	72301.360510596	45.1	45.1	B
553	Spectrogram 1	1	72388.995402468	72388.995402468	84.3	84.3	A
554	Spectrogram 1	1	72436.318244079	72436.318244079	44.1	44.1	B
555	Spectrogram 1	1	72491.090070236	72491.090070236	46.1	46.1	B
556	Spectrogram 1	1	72546.738226575	72546.738226575	44.1	44.1	B
557	Spectrogram 1	1	72601.510033994	72601.510033994	44.1	44.1	B
558	Spectrogram 1	1	72722.008029055	72722.008029055	84.3	84.3	A
559	Spectrogram 1	1	73165.440619401	73165.440619401	81.2	81.2	A
560	Spectrogram 1	1	73434.479756185	73434.479756185	81.2	81.2	A
561	Spectrogram 1	1	73483.117121173	73483.117121173	59.2	59.2	B
562	Spectrogram 1	1	73530.439962784	73530.439962784	58.2	58.2	B
563	Spectrogram 1	1	73647.432543433	73647.432543433	82.2	82.2	A
564	Spectrogram 1	1	73694.755403781	73694.755403781	60.2	60.2	B
565	Spectrogram 1	3	73822.264171454	73822.264171454	79.2	79.2	A
566	Spectrogram 1	1	73869.587031803	73869.587031803	45.1	45.1	B
567	Spectrogram 1	1	74043.980466627	74043.980466627	83.2	83.2	A
568	Spectrogram 1	1	74094.370529453	74094.370529453	44.1	44.1	B
569	Spectrogram 1	1	74144.760611017	74144.760611017	43.1	43.1	B
570	Spectrogram 1	1	74197.341546140	74197.341546140	45.1	45.1	B
571	Spectrogram 1	1	74251.237004641	74251.675179100	44.1	44.1	B
572	Spectrogram 1	1	74305.570637601	74305.570637601	43.1	43.1	B
573	Spectrogram 1	1	74404.598043784	74404.598043784	80.2	80.2	A
574	Spectrogram 1	1	74450.168187557	74450.168187557	44.1	44.1	B
575	Spectrogram 1	1	74555.330057803	74555.330057803	84.3	84.3	A
576	Spectrogram 1	1	74599.585678198	74599.585678198	44.1	44.1	B
577	Spectrogram 1	3	74696.860426913	74696.860426913	83.2	83.2	A
578	Spectrogram 1	1	74741.554221768	74741.554221768	46.1	46.1	B
579	Spectrogram 1	3	75029.873034763	75029.873034763	84.3	84.3	A
580	Spectrogram 1	1	75076.319527455	75076.319527455	45.1	45.1	B
581	Spectrogram 1	3	75191.559429004	75191.559429004	83.2	83.2	A
582	Spectrogram 1	1	75241.073142911	75241.073142911	45.1	45.1	B
583	Spectrogram 1	3	75354.560346622	75354.560346622	85.3	85.3	A
584	Spectrogram 1	1	75405.826758367	75405.826758367	45.1	45.1	B
585	Spectrogram 1	1	76247.559929374	76247.559929374	81.2	81.2	A
586	Spectrogram 1	1	76297.511817741	76297.511817741	45.1	45.1	B
587	Spectrogram 1	1	76347.025531649	76347.025531649	44.1	44.1	B
588	Spectrogram 1	1	76425.458759874	76425.458759874	84.3	84.3	A
589	Spectrogram 1	1	76473.219775944	76473.219775944	44.1	44.1	B
590	Spectrogram 1	1	76526.238885526	76526.238885526	45.1	45.1	B
591	Spectrogram 1	1	76582.763369150	76582.763369150	47.1	47.1	B
592	Spectrogram 1	1	80966.699010824	80966.699010824	82.2	82.2	A
593	Spectrogram 1	1	81013.145503516	81013.145503516	44.1	44.1	B
594	Spectrogram 1	3	81821.577455982	81821.577455982	78.2	78.2	A
595	Spectrogram 1	1	81868.462123133	81868.462123133	46.1	46.1	B
596	Spectrogram 1	3	82231.708787416	82231.708787416	82.2	82.2	A
597	Spectrogram 1	1	82280.784326864	82280.784326864	45.1	45.1	B
598	Spectrogram 1	1	82333.803436447	82333.803436447	46.1	46.1	B
599	Spectrogram 1	1	82389.451592785	82389.451592785	46.1	46.1	B
600	Spectrogram 1	1	82443.785225746	82443.785225746	44.1	44.1	B
601	Spectrogram 1	3	82590.573647998	82590.573647998	83.2	83.2	A
602	Spectrogram 1	1	82638.772838527	82638.772838527	46.1	46.1	B
603	Spectrogram 1	3	82731.665802278	82731.665802278	84.3	84.3	A
604	Spectrogram 1	1	82778.112294970	82778.112294970	46.1	46.1	B
605	Spectrogram 1	3	82885.465037513	82885.465037513	82.2	82.2	A
606	Spectrogram 1	1	82931.911530205	82931.911530205	45.1	45.1	B
607	Spectrogram 1	3	83038.387942566	83038.387942566	83.2	83.2	A
608	Spectrogram 1	1	83087.901656474	83087.901656474	44.1	44.1	B
609	Spectrogram 1	3	83185.614560911	83185.614560911	83.2	83.2	A
610	Spectrogram 1	1	83236.004642475	83236.004642475	44.1	44.1	B
611	Spectrogram 1	3	83311.370649484	83311.370649484	83.2	83.2	A
612	Spectrogram 1	1	83359.569840014	83359.569840014	45.1	45.1	B
613	Spectrogram 1	1	83409.959902840	83409.959902840	45.1	45.1	B
614	Spectrogram 1	3	83498.471121997	83498.471121997	82.2	82.2	A
615	Spectrogram 1	1	83546.670312527	83546.670312527	46.1	46.1	B
616	Spectrogram 1	1	83600.127596568	83600.127596568	45.1	45.1	B
617	Spectrogram 1	1	83655.775752907	83655.775752907	45.1	45.1	B
618	Spectrogram 1	1	83710.547538694	83710.547538694	45.1	45.1	B
619	Spectrogram 1	1	83784.599022325	83784.599022325	83.2	83.2	A
620	Spectrogram 1	1	83833.236387314	83833.236387314	45.1	45.1	B
621	Spectrogram 1	1	83888.446369193	83888.446369193	46.1	46.1	B
622	Spectrogram 1	1	83937.960101838	83937.960101838	46.1	46.1	B
623	Spectrogram 1	1	83993.170083717	83993.170083717	45.1	45.1	B
624	Spectrogram 1	1	84087.815766939	84087.815766939	83.2	83.2	A
625	Spectrogram 1	1	84135.138608549	84135.138608549	45.1	45.1	B
626	Spectrogram 1	1	84190.348609166	84190.348609166	45.1	45.1	B
627	Spectrogram 1	1	84243.367718748	84243.367718748	45.1	45.1	B
628	Spectrogram 1	3	84396.728779524	84396.728779524	84.3	84.3	A
629	Spectrogram 1	1	84443.175290953	84443.175290953	46.1	46.1	B
630	Spectrogram 1	1	84497.947098373	84497.947098373	46.1	46.1	B
631	Spectrogram 1	1	84552.718905793	84552.718905793	44.1	44.1	B
632	Spectrogram 1	1	84607.928887672	84607.928887672	45.1	45.1	B
633	Spectrogram 1	1	84660.948015992	84660.948015992	44.1	44.1	B
634	Spectrogram 1	1	84717.472521249	84717.472521249	44.1	44.1	B
635	Spectrogram 1	1	84772.244328669	84772.244328669	45.1	45.1	B
636	Spectrogram 1	1	84877.844373374	84877.844373374	84.3	84.3	A
637	Spectrogram 1	1	84922.100012507	84922.100012507	44.1	44.1	B
638	Spectrogram 1	1	84997.904193976	84997.904193976	85.3	85.3	A
639	Spectrogram 1	1	85043.036163290	85043.036163290	45.1	45.1	B
640	Spectrogram 1	3	85204.722557531	85204.722557531	82.2	82.2	A
641	Spectrogram 1	1	85252.483573601	85252.483573601	45.1	45.1	B
642	Spectrogram 1	1	85308.131748677	85308.131748677	45.1	45.1	B
643	Spectrogram 1	1	85361.150858259	85361.150858259	45.1	45.1	B
644	Spectrogram 1	1	85497.423115119	85497.423115119	82.2	82.2	A
645	Spectrogram 1	3	28266.358368209	28266.358368209	84.5	84.5	A
