Selection	View	Channel	Begin Time (s)	End Time (s)	Low Freq (Hz)	High Freq (Hz)	Unit
1	Spectrogram 1	1	2522.642058883	2547.650324608	10.1	45.9	A
2	Spectrogram 1	1	2576.117180275	2594.474311499	9.6	47.4	B
3	Spectrogram 1	1	3151.573290230	3176.315510575	9.6	47.4	A
4	Spectrogram 1	1	3204.782366242	3223.139497466	8.1	46.9	B
5	Spectrogram 1	1	4035.109926737	4053.733103341	8.6	83.7	A
6	Spectrogram 1	1	4082.732049768	4100.823135612	9.6	50.7	B
7	Spectrogram 1	1	4410.499888057	4429.921200801	9.6	85.2	A
8	Spectrogram 1	1	5879.070268201	5900.087853226	12.0	91.4	A
9	Spectrogram 1	1	5970.057788182	5990.809327826	12.0	87.6	A
10	Spectrogram 1	1	6020.340365013	6038.963541617	11.0	47.8	B
11	Spectrogram 1	1	32881.077488701	32900.764846825	11.5	83.7	A
12	Spectrogram 1	1	32918.855932669	32931.626110912	6.2	12.4	C
13	Spectrogram 1	1	32931.892156292	32949.717196756	10.5	46.9	B
14	Spectrogram 1	1	33237.046149055	33257.797688700	10.0	45.5	A
15	Spectrogram 1	1	37144.188005720	37160.416773904	11.0	45.9	A
16	Spectrogram 1	1	37641.426785716	37666.967142202	11.5	44.5	A
17	Spectrogram 1	1	37682.397774246	37695.167952488	6.2	13.9	C
18	Spectrogram 1	1	37695.700043249	37714.323219853	11.5	47.4	B
19	Spectrogram 1	1	38226.726574734	38242.423252157	11.5	45.5	A
20	Spectrogram 1	1	41469.819486756	41492.433344061	11.0	50.2	A
21	Spectrogram 1	1	41523.028562768	41541.385693992	11.5	46.4	B
22	Spectrogram 1	1	41715.113315392	41730.011856676	10.5	45.5	A
23	Spectrogram 1	1	41988.873987917	42014.680389783	10.5	43.1	A
24	Spectrogram 1	1	42029.844976446	42042.083063929	7.2	13.9	C
25	Spectrogram 1	1	42042.349109309	42059.109968253	11.0	46.4	B
26	Spectrogram 1	1	42661.968740575	42682.188189460	9.1	45.0	A
27	Spectrogram 1	1	42699.747184544	42711.453181266	7.2	13.4	C
28	Spectrogram 1	1	42712.251317407	42729.544267110	10.5	46.9	B
29	Spectrogram 1	1	43273.074931458	43305.532467826	11.0	45.9	A
30	Spectrogram 1	1	43321.761236009	43333.733278112	7.2	12.4	C
31	Spectrogram 1	1	43333.999323492	43352.356454716	10.5	46.9	B
32	Spectrogram 1	1	43735.993857427	43749.828217190	11.5	45.0	A
33	Spectrogram 1	1	44175.766835330	44201.573237196	11.0	46.4	A
34	Spectrogram 1	1	44228.177775202	44247.333042566	11.5	45.9	B
35	Spectrogram 1	1	44593.192001308	44615.539813233	10.5	45.5	A
36	Spectrogram 1	1	44630.970445277	44640.015988199	8.1	13.9	C
37	Spectrogram 1	1	44643.474578139	44661.033573223	13.4	45.0	B
38	Spectrogram 1	1	45210.151190552	45231.966911717	10.5	45.0	A
39	Spectrogram 1	1	45248.195679901	45259.901676624	7.7	13.9	C
40	Spectrogram 1	1	45260.433767384	45278.524853228	11.0	46.9	B
41	Spectrogram 1	1	45893.355667653	45913.309071158	10.5	31.6	A
42	Spectrogram 1	1	45931.134111622	45941.509881444	7.7	13.9	C
43	Spectrogram 1	1	45941.775926824	45959.334921908	10.5	46.9	B
44	Spectrogram 1	1	46920.556785836	46938.913917060	12.9	44.5	A
45	Spectrogram 1	1	46965.784500446	46984.673722430	10.5	46.9	B
46	Spectrogram 1	1	47321.221104649	47341.972644293	11.0	46.9	A
47	Spectrogram 1	1	47578.753008989	47596.844094833	10.5	47.8	A
48	Spectrogram 1	1	47614.137044537	47625.843041260	8.1	12.4	C
49	Spectrogram 1	1	47625.843041260	47643.668081724	10.5	45.0	B
50	Spectrogram 1	1	47957.601606637	47979.949418562	10.5	46.4	A
51	Spectrogram 1	1	48374.228636475	48400.301083721	10.0	44.5	A
52	Spectrogram 1	1	48415.199625005	48427.171667107	7.2	12.9	C
53	Spectrogram 1	1	48427.437712487	48446.326934472	10.5	48.3	B
54	Spectrogram 1	1	48561.790605860	48587.597007726	9.6	45.5	A
55	Spectrogram 1	1	48603.825775910	48614.467591112	7.2	12.4	C
56	Spectrogram 1	1	48616.063863393	48635.219130757	10.5	48.3	B
57	Spectrogram 1	1	48881.311083755	48900.732396499	10.5	45.5	A
58	Spectrogram 1	1	48929.731342926	48948.088474150	11.5	48.3	B
59	Spectrogram 1	1	49098.936181087	49115.963085411	10.5	46.9	A
60	Spectrogram 1	1	49133.256035115	49144.163895697	6.7	13.4	C
61	Spectrogram 1	1	49144.429941077	49162.787072301	10.5	45.9	B
62	Spectrogram 1	1	50031.159122145	50047.653935709	10.0	44.5	A
63	Spectrogram 1	1	50073.460337575	50092.349559559	11.5	46.4	B
64	Spectrogram 1	1	50831.157521092	50851.110924597	12.0	45.0	A
65	Spectrogram 1	1	50879.045689503	50896.338639207	11.0	46.4	B
66	Spectrogram 1	1	57264.400326283	57288.876501248	10.0	45.0	A
67	Spectrogram 1	1	57306.169450952	57319.737765335	7.7	14.8	C
68	Spectrogram 1	1	57318.407538435	57337.296760419	12.0	45.5	B
69	Spectrogram 1	1	57498.254191798	57524.326639044	10.5	43.5	A
70	Spectrogram 1	1	57779.198101363	57801.545913288	11.0	44.0	A
71	Spectrogram 1	1	57818.306772232	57829.746723574	8.1	12.9	C
72	Spectrogram 1	1	57830.278814334	57848.635945558	10.5	46.9	B
73	Spectrogram 1	1	58014.648239159	58036.996051084	11.0	47.4	A
74	Spectrogram 1	1	58489.805252610	58513.217246055	11.5	45.5	A
75	Spectrogram 1	1	58529.446014239	58540.619920201	7.7	14.4	C
76	Spectrogram 1	1	58541.684101721	58559.243096805	10.0	47.4	B
77	Spectrogram 1	1	58724.723299645	58744.676703150	10.0	45.5	A
79	Spectrogram 1	1	58947.669287473	58968.154781738	9.6	45.5	A
80	Spectrogram 1	1	59253.089348446	59275.171114991	12.0	46.4	A
81	Spectrogram 1	1	59302.573789137	59320.664874981	12.0	45.9	B
82	Spectrogram 1	1	59529.244429391	59549.197832896	11.5	45.0	A
83	Spectrogram 1	1	60017.171621085	60030.207844708	11.0	45.0	A
84	Spectrogram 1	1	60057.876564234	60075.435559318	10.0	45.9	B
85	Spectrogram 1	1	60182.917881084	60206.063829149	10.5	45.0	A
86	Spectrogram 1	1	60234.530684815	60253.951997560	11.0	45.9	B
87	Spectrogram 1	1	60993.824128835	61014.575668479	11.5	45.5	A
88	Spectrogram 1	1	61030.538391283	61041.712297246	7.2	12.9	C
89	Spectrogram 1	1	61042.510433386	61060.069428470	11.0	46.9	B
90	Spectrogram 1	1	61730.503727328	61747.796677031	10.5	44.0	A
91	Spectrogram 1	1	61766.685899016	61778.125850358	8.6	12.9	C
92	Spectrogram 1	1	61779.190031878	61796.216936202	11.5	44.0	B
93	Spectrogram 1	1	62458.403828278	62480.485594823	10.5	45.5	A
94	Spectrogram 1	1	62497.512499147	62505.493860549	8.1	13.4	C
95	Spectrogram 1	1	62508.686405110	62527.043536334	11.0	46.9	B
96	Spectrogram 1	1	63278.887709711	63298.575067836	10.5	45.5	A
97	Spectrogram 1	1	63315.335926780	63325.711696602	8.6	13.4	C
98	Spectrogram 1	1	63328.372150403	63345.133009346	10.5	45.9	B
99	Spectrogram 1	1	64114.536189586	64139.544455312	10.0	45.0	A
100	Spectrogram 1	1	64154.709041975	64167.213174838	7.2	13.9	C
101	Spectrogram 1	1	64167.213174838	64185.304260682	11.0	46.9	B
