Selection	View	Channel	Begin Time (s)	End Time (s)	Low Freq (Hz)	High Freq (Hz)	Delta Time (s)	Unit
1	Spectrogram 1	1	29058.62217	29081.48336	10.8	30.8	22.861	A
2	Spectrogram 1	1	29107.46197	29124.60786	11.6	45.9	17.146	B
3	Spectrogram 1	1	38725.41082	38750.35029	11.2	33.5	24.939	A
4	Spectrogram 1	1	38779.96592	38795.03352	11.2	46.6	15.068	B
5	Spectrogram 1	1	41902.53651	41923.31941	10.8	85.2	20.783	A
6	Spectrogram 1	1	41949.29803	41965.92434	11.6	46.2	16.626	B
7	Spectrogram 1	1	42101.53273	42121.79606	11.9	85.5	20.263	A
8	Spectrogram 1	1	42147.2551	42165.44014	10.4	46.2	18.185	B
9	Spectrogram 1	1	43665.87259	43688.2142	11.2	86.3	22.342	A
10	Spectrogram 1	1	43714.71239	43732.37786	10.4	46.6	17.665	B
11	Spectrogram 1	1	43932.93279	43952.67654	11.6	84.8	19.744	A
12	Spectrogram 1	1	43981.25302	44000.4772	10.8	46.6	19.224	B
13	Spectrogram 1	1	44538.44811	44564.9463	11.2	92.9	26.498	A
14	Spectrogram 1	1	44593.52279	44612.22739	11.6	46.6	18.705	B
15	Spectrogram 1	1	44922.35752	44940.54255	11.2	86.7	18.185	A
16	Spectrogram 1	1	44971.19732	44989.90193	11.6	47.8	18.705	B
17	Spectrogram 1	1	45073.03351	45092.77726	11.6	87.9	19.744	A
18	Spectrogram 1	1	45119.79502	45139.0192	11.9	46.2	19.224	B
19	Spectrogram 1	1	45251.76641	45272.02973	11.6	85.9	20.263	A
20	Spectrogram 1	1	45297.48878	45318.27167	10.8	48.2	20.783	B
21	Spectrogram 1	1	45434.40439	45453.62857	11.2	88.2	19.224	A
22	Spectrogram 1	1	45479.08762	45498.3118	11.9	48.2	19.224	B
23	Spectrogram 1	1	45916.19032	45937.49279	11.9	91.7	21.302	A
24	Spectrogram 1	1	45963.47141	45981.65644	12.3	47	18.185	B
25	Spectrogram 1	1	49024.66124	49045.44414	11.6	84.8	20.783	A
26	Spectrogram 1	1	49072.4619	49091.16651	10.8	47.4	18.705	B
27	Spectrogram 1	1	49754.03165	49777.41241	10.8	88.2	23.381	A
28	Spectrogram 1	1	49804.94975	49823.65435	11.6	45.9	18.705	B
29	Spectrogram 1	1	49897.43363	49916.65781	10.8	88.2	19.224	A
30	Spectrogram 1	1	49944.19515	49961.34103	11.2	47.4	17.146	B
31	Spectrogram 1	1	50058.50107	50080.32311	12.7	85.5	21.822	A
32	Spectrogram 1	1	50104.22344	50123.96719	11.6	46.6	19.744	B
33	Spectrogram 1	1	50226.26832	50247.57079	10.4	88.6	21.302	A
34	Spectrogram 1	1	50275.62769	50292.25401	10.8	46.2	16.626	B
35	Spectrogram 1	1	50399.28592	50421.62753	12.7	87.9	22.342	A
36	Spectrogram 1	1	50522.42457	50542.16832	11.6	88.2	19.744	A
37	Spectrogram 1	1	50567.1078	50586.85155	11.6	46.6	19.744	B
38	Spectrogram 1	1	50658.30104	50679.08394	11.9	87.1	20.783	A
39	Spectrogram 1	1	50706.62128	50723.76716	10.4	46.6	17.146	B
40	Spectrogram 1	1	50800.1443	50825.08378	11.2	85.9	24.939	A
41	Spectrogram 1	1	50948.22243	50970.04447	11.6	46.6	21.822	B
42	Spectrogram 1	1	50999.14052	51017.32556	11.6	45.5	18.185	B
43	Spectrogram 1	1	51494.82916	51514.57291	10.8	83.6	19.744	A
44	Spectrogram 1	1	51541.0711	51558.21699	11.6	46.6	17.146	B
45	Spectrogram 1	1	51724.03174	51743.25592	11.9	84.8	19.224	A
46	Spectrogram 1	1	51770.27369	51790.01744	11.6	47	19.744	B
47	Spectrogram 1	1	51891.85362	51916.27353	10.8	83.6	24.42	A
48	Spectrogram 1	1	51944.33043	51962.51547	11.6	46.2	18.185	B
49	Spectrogram 1	1	52344.74041	52363.44502	11.9	33.1	18.705	A
50	Spectrogram 1	1	52528.14946	52555.6868	11.6	89	27.537	A
51	Spectrogram 1	1	52718.31295	52742.21328	11.9	84.8	23.9	A
52	Spectrogram 1	1	52771.30933	52791.05308	9.6	46.2	19.744	B
53	Spectrogram 1	1	53171.91622	53191.1404	11.6	42.8	19.224	A
54	Spectrogram 1	1	53217.63859	53235.82363	11.2	46.2	18.185	B
55	Spectrogram 1	1	53379.2256	53402.60636	11.9	89	23.381	A
56	Spectrogram 1	1	53946.09565	53966.35898	11.2	60.5	20.263	A
57	Spectrogram 1	1	54346.95404	54368.2565	11.9	56.3	21.302	A
58	Spectrogram 1	1	54395.27427	54413.97887	10.8	46.6	18.705	B
59	Spectrogram 1	1	54596.86835	54623.88611	11.2	90.2	27.018	A
60	Spectrogram 1	1	54716.31542	54737.09831	11.2	85.9	20.783	A
61	Spectrogram 1	1	54762.55736	54780.74239	10.8	46.2	18.185	B
62	Spectrogram 1	1	54936.09453	54959.47529	11.2	87.5	23.381	A
63	Spectrogram 1	1	55187.63873	55206.34334	11.6	86.7	18.705	A
64	Spectrogram 1	1	55824.45414	55842.1196	11.6	43.5	17.665	A
65	Spectrogram 1	1	56219.07765	56241.41927	11.9	87.1	22.342	A
66	Spectrogram 1	1	56267.39789	56285.06335	11.6	45.9	17.665	B
67	Spectrogram 1	1	56556.87087	56579.21248	11.2	49.7	22.342	A
68	Spectrogram 1	1	56604.67153	56623.37613	11.6	46.6	18.705	B
69	Spectrogram 1	1	56774.3202	56796.14224	11.2	88.2	21.822	A
70	Spectrogram 1	1	56824.71872	56841.34504	10.8	46.6	16.626	B
71	Spectrogram 1	1	56920.83961	56943.18122	11.6	86.3	22.342	A
72	Spectrogram 1	1	56970.71856	56987.34488	11.6	45.9	16.626	B
73	Spectrogram 1	1	57412.69433	57435.55551	11.6	35.5	22.861	A
74	Spectrogram 1	1	57462.57327	57480.75831	11.6	46.2	18.185	B
75	Spectrogram 1	1	57747.81851	57767.56226	11.6	31.6	19.744	A
76	Spectrogram 1	1	57793.54088	57812.76506	12.3	46.6	19.224	B
77	Spectrogram 1	1	58149.98412	58172.32573	11.9	37.4	22.342	A
78	Spectrogram 1	1	58198.82392	58218.56767	11.9	46.6	19.744	B
79	Spectrogram 1	1	58538.62426	58560.96587	11.6	33.1	22.342	A
80	Spectrogram 1	1	58587.46406	58607.20781	11.6	46.2	19.744	B
81	Spectrogram 1	1	58768.22067	58791.08185	11.6	29.7	22.861	A
82	Spectrogram 1	1	58819.13876	58837.32379	11.2	48.2	18.185	B
83	Spectrogram 1	1	58914.22051	58931.88597	11.6	34.3	17.665	A
84	Spectrogram 1	1	59681.00018	59700.74393	11.6	33.1	19.744	A
85	Spectrogram 1	1	59728.28126	59745.94672	11.6	46.2	17.665	B
86	Spectrogram 1	1	60912.54563	60934.88724	10.8	34.3	22.342	A
87	Spectrogram 1	1	60961.90501	60979.57047	11.6	45.9	17.665	B
88	Spectrogram 1	1	61353.14301	61369.76932	11.6	85.9	16.626	A
89	Spectrogram 1	1	64580.54147	64601.84394	11.6	32.8	21.302	A
90	Spectrogram 1	1	64628.34213	64647.04674	11.2	46.6	18.705	B
91	Spectrogram 1	1	65307.31407	65328.09697	11.9	33.5	20.783	A
92	Spectrogram 1	1	65356.67345	65373.81934	11.9	46.2	17.146	B
93	Spectrogram 1	1	65594.11802	65616.45964	11.2	26.2	22.342	A
94	Spectrogram 1	1	65641.39911	65660.10372	11.2	46.2	18.705	B
95	Spectrogram 1	1	66222.49453	66243.797	11.6	31.6	21.302	A
96	Spectrogram 1	1	66268.2169	66288.99979	10.8	46.2	20.783	B
97	Spectrogram 1	1	67313.68428	67332.38888	11.6	22	18.705	A
98	Spectrogram 1	1	67810.34089	67831.64336	11.6	23.9	21.302	A
99	Spectrogram 1	1	67853.4654	67875.80701	10.8	45.9	22.342	B
100	Spectrogram 1	1	68051.94205	68077.92066	9.6	20.8	25.979	A
101	Spectrogram 1	1	68102.34057	68120.5256	11.9	47	18.185	B
102	Spectrogram 1	1	68438.64618	68462.02694	10.4	25	23.381	A
103	Spectrogram 1	1	68742.8641	68772.9993	10.4	22.7	30.135	A
104	Spectrogram 1	1	68799.49749	68817.68252	11.2	47	18.185	B
105	Spectrogram 1	1	69345.19082	69367.53243	11.2	19.3	22.342	A
106	Spectrogram 1	1	69395.06977	69411.17651	11.2	44.7	16.107	B
107	Spectrogram 1	1	69713.51306	69741.05039	11.2	27.4	27.537	A
108	Spectrogram 1	1	69767.02901	69785.21404	11.2	47	18.185	B
109	Spectrogram 1	1	69917.705	69944.72276	11.2	30.8	27.018	A
110	Spectrogram 1	1	70118.20536	70142.10569	11.9	18.9	23.9	A
111	Spectrogram 1	1	70169.12345	70187.30848	11.6	46.2	18.185	B
112	Spectrogram 1	1	70496.84788	70520.22863	11.2	23.9	23.381	A
113	Spectrogram 1	1	70747.80133	70771.70166	11.6	23.5	23.9	A
114	Spectrogram 1	1	70796.64114	70817.42403	11.2	46.6	20.783	B
115	Spectrogram 1	1	71234.13767	71257.51842	11.2	23.9	23.381	A
116	Spectrogram 1	1	71431.0556	71456.51464	11.6	22	25.459	A
117	Spectrogram 1	1	71479.37583	71499.11958	11.2	46.2	19.744	B
118	Spectrogram 1	1	71832.18206	71855.56282	11.6	19.7	23.381	A
119	Spectrogram 1	1	71882.06101	71899.2069	11.2	47	17.146	B
120	Spectrogram 1	1	72241.60509	72264.98585	11.6	18.5	23.381	A
121	Spectrogram 1	1	72292.00362	72309.66908	11.9	45.9	17.665	B
122	Spectrogram 1	1	72425.8018	72453.8587	11.2	20.8	28.057	A
123	Spectrogram 1	1	72651.81578	72677.27483	11.9	21.6	25.459	A
124	Spectrogram 1	1	72704.81216	72722.9972	11.6	46.6	18.185	B
126	Spectrogram 1	1	72787.36959	72809.19163	11.6	31.6	21.822	A
127	Spectrogram 1	1	72834.65068	72853.87486	11.6	47	19.224	B
128	Spectrogram 1	1	73163.02042	73187.44032	11.9	19.7	24.42	A
129	Spectrogram 1	1	73211.60873	73230.83291	11.6	46.6	19.224	B
130	Spectrogram 1	1	73535.8219	73560.76137	11.6	19.7	24.939	A
131	Spectrogram 1	1	73588.29871	73605.96417	11.6	45.9	17.665	B
132	Spectrogram 1	1	74585.19436	74610.13383	11.6	19.7	24.939	A
133	Spectrogram 1	1	74636.63202	74655.8562	11.6	46.6	19.224	B
134	Spectrogram 1	1	75230.32293	75250.06668	11.6	32	19.744	A
135	Spectrogram 1	1	75277.60401	75295.78905	11.2	46.2	18.185	B
136	Spectrogram 1	1	75856.22732	75881.16679	10.8	32.4	24.939	A
137	Spectrogram 1	1	75907.14541	75926.88916	10.8	47.4	19.744	B
138	Spectrogram 1	1	76476.2195	76495.44367	11.9	31.2	19.224	A
139	Spectrogram 1	1	76967.68039	76988.98285	11.9	31.6	21.302	A
140	Spectrogram 1	1	77016.52019	77034.70522	10.8	45.9	18.185	B
141	Spectrogram 1	1	77205.12496	77226.42743	11.6	33.1	21.302	A
142	Spectrogram 1	1	77252.92562	77271.63023	11.6	46.6	18.705	B
143	Spectrogram 1	1	77580.07589	77602.93708	11.2	32.4	22.861	A
144	Spectrogram 1	1	77629.43527	77647.6203	11.2	45.9	18.185	B
145	Spectrogram 1	1	77852.33182	77877.79087	11.6	21.2	25.459	A
146	Spectrogram 1	1	77903.24991	77921.95452	11.6	47.4	18.705	B
147	Spectrogram 1	1	78086.92699	78109.26861	11.6	31.6	22.342	A
148	Spectrogram 1	1	78136.28637	78153.95183	11.2	45.5	17.665	B
149	Spectrogram 1	1	78363.85907	78387.23983	11.6	22	23.381	A
150	Spectrogram 1	1	78413.21845	78431.92305	11.6	47	18.705	B
151	Spectrogram 1	1	78747.32007	78767.06382	11.6	32.8	19.744	A
152	Spectrogram 1	1	78794.60116	78812.78619	11.2	45.9	18.185	B
153	Spectrogram 1	1	79236.1831	79256.44642	11.6	19.3	20.263	A
154	Spectrogram 1	1	79283.98376	79301.12965	11.2	46.2	17.146	B
155	Spectrogram 1	1	79415.43557	79436.73804	11.6	31.2	21.302	A
156	Spectrogram 1	1	79536.49593	79557.27883	11.6	32	20.783	A
157	Spectrogram 1	1	79586.37488	79604.04034	11.2	45.5	17.665	B
158	Spectrogram 1	1	79723.2905	79745.11254	11.6	19.3	21.822	A
159	Spectrogram 1	1	80017.88804	80041.26879	10.8	19.3	23.381	A
160	Spectrogram 1	1	80067.24741	80085.43245	11.2	47.8	18.185	B
161	Spectrogram 1	1	80316.13912	80337.96116	11.6	84.4	21.822	A
162	Spectrogram 1	1	80366.53764	80383.68353	11.2	46.6	17.146	B
163	Spectrogram 1	1	80652.82202	80675.68321	11.6	32.4	22.861	A
164	Spectrogram 1	1	80702.70097	80720.886	11.6	46.6	18.185	B
165	Spectrogram 1	1	80896.96646	80919.82764	11.9	84.8	22.861	A
166	Spectrogram 1	1	80949.44327	80965.55001	11.6	45.5	16.107	B
167	Spectrogram 1	1	81172.33982	81193.64229	11.2	33.1	21.302	A
168	Spectrogram 1	1	81220.14048	81238.84508	11.6	45.9	18.705	B
169	Spectrogram 1	1	81437.07024	81459.41185	11.6	20.4	22.342	A
170	Spectrogram 1	1	81487.46876	81505.13422	10.8	46.6	17.665	B
171	Spectrogram 1	1	81723.81961	81746.16122	11.6	20	22.342	A
172	Spectrogram 1	1	81773.17899	81792.40317	11.2	46.6	19.224	B
173	Spectrogram 1	1	81880.73047	81900.99379	11.6	22.3	20.263	A
174	Spectrogram 1	1	82331.4678	82353.28984	11.6	32.8	21.822	A
175	Spectrogram 1	1	82379.78803	82399.01221	11.9	47	19.224	B
176	Spectrogram 1	1	82713.49583	82735.31787	11.6	32.8	21.822	A
177	Spectrogram 1	1	82763.37478	82781.04024	11.2	45.5	17.665	B
178	Spectrogram 1	1	82999.78021	83022.6414	11.6	21.6	22.861	A
179	Spectrogram 1	1	83050.17873	83068.36377	11.2	47	18.185	B
180	Spectrogram 1	1	83331.9293	83355.31005	11.6	20.4	23.381	A
181	Spectrogram 1	1	83383.36696	83399.99328	11.2	45.9	16.626	B
182	Spectrogram 1	1	83987.2524	84007.51572	11.6	31.2	20.263	A
183	Spectrogram 1	1	84036.61177	84052.71852	10.8	45.9	16.107	B
184	Spectrogram 1	1	85692.27062	85713.05352	11.2	19.7	20.783	A
185	Spectrogram 1	1	85741.11043	85760.3346	11.2	46.2	19.224	B
186	Spectrogram 1	1	87495.29111	87517.63273	10.4	20.4	22.342	A
187	Spectrogram 1	1	87544.65049	87561.79638	11.2	46.2	17.146	B
188	Spectrogram 1	1	88730.07975	88752.42136	11.2	17.7	22.342	A
189	Spectrogram 1	1	89120.27861	89142.10065	11.6	31.2	21.822	A
190	Spectrogram 1	1	89170.29989	89187.96535	11.6	45.9	17.665	B
191	Spectrogram 1	1	89568.29233	89595.31009	11.2	21.6	27.018	A
192	Spectrogram 1	1	89620.76914	89639.99332	11.6	47.4	19.224	B
193	Spectrogram 1	1	91052.81495	91073.07828	11.2	22.7	20.263	A
194	Spectrogram 1	1	91100.09604	91118.28107	11.2	45.9	18.185	B
195	Spectrogram 1	1	91666.57226	91689.95302	11.6	19.3	23.381	A
196	Spectrogram 1	1	91716.45121	91735.15582	11.2	46.2	18.705	B
197	Spectrogram 1	1	92502.77767	92517.84527	11.2	30.4	15.068	A
198	Spectrogram 1	1	92590.5854	92610.84873	11.6	18.5	20.263	A
199	Spectrogram 1	1	92635.26863	92652.41452	10.8	46.2	17.146	B
1	Spectrogram 1	1	38769.49019	38780.41125	8.2	13.4	0	C
2	Spectrogram 1	1	41938.41663	41950.37779	7.9	13.5	0	C
3	Spectrogram 1	1	42136.81585	42147.7369	7.9	13.5	0	C
4	Spectrogram 1	1	43704.24743	43713.60834	7	14	0	C
5	Spectrogram 1	1	43969.99314	43981.69428	7.5	14	0	C
6	Spectrogram 1	1	44582.35239	44594.05353	7	14	0	C
7	Spectrogram 1	1	44961.46907	44972.65015	7	13.5	0	C
8	Spectrogram 1	1	45109.42338	45119.82439	7.9	14	0	C
9	Spectrogram 1	1	45288.06067	45300.28185	7.9	13.5	0	C
10	Spectrogram 1	1	45469.03812	45481.25931	7.5	13.1	0	C
11	Spectrogram 1	1	45951.9048	45963.60593	7.5	14	0	C
12	Spectrogram 1	1	49061.80558	49073.24669	7.9	12.1	0	C
13	Spectrogram 1	1	49794.55648	49805.73756	8.4	12.6	0	C
14	Spectrogram 1	1	49934.18999	49945.11105	7	14	0	C
15	Spectrogram 1	1	50093.84544	50106.06662	8.4	14	0	C
16	Spectrogram 1	1	50263.1218	50274.82294	6.5	13.5	0	C
17	Spectrogram 1	1	50558.25037	50569.95151	7.5	13.1	0	C
18	Spectrogram 1	1	50695.80368	50708.02486	7	14	0	C
19	Spectrogram 1	1	51530.48439	51542.44555	6.1	14	0	C
20	Spectrogram 1	1	51759.56655	51771.26768	7.5	13.5	0	C
21	Spectrogram 1	1	51933.78339	51946.00457	7	12.6	0	C
22	Spectrogram 1	1	52758.84323	52771.84449	8.4	13.1	0	C
23	Spectrogram 1	1	53207.64665	53217.78763	7.5	13.1	0	C
24	Spectrogram 1	1	54751.93606	54762.85712	7.5	13.1	0	C
25	Spectrogram 1	1	56256.70164	56267.6227	8.4	13.5	0	C
26	Spectrogram 1	1	56594.2143	56605.65541	6.5	14	0	C
27	Spectrogram 1	1	56812.89545	56824.85661	6.5	14.9	0	C
28	Spectrogram 1	1	56959.0296	56971.77084	7.9	13.1	0	C
29	Spectrogram 1	1	57452.03729	57463.21838	7.5	14	0	C
30	Spectrogram 1	1	57783.82939	57796.31059	7	14.9	0	C
31	Spectrogram 1	1	58187.90848	58200.12966	6.1	14	0	C
32	Spectrogram 1	1	58576.12605	58589.12731	6.1	13.1	0	C
33	Spectrogram 1	1	58808.32851	58820.54969	6.5	12.1	0	C
34	Spectrogram 1	1	59717.11644	59729.33762	7.5	13.1	0	C
35	Spectrogram 1	1	60951.19583	60963.41702	7.9	12.6	0	C
36	Spectrogram 1	1	64619.11072	64628.99167	7.9	13.5	0	C
37	Spectrogram 1	1	65344.84092	65356.54205	7.5	13.5	0	C
38	Spectrogram 1	1	69756.16767	69768.64888	7.9	13.5	0	C
39	Spectrogram 1	1	70156.34634	70172.98795	7	13.1	0	C
40	Spectrogram 1	1	71468.69331	71481.69457	7	13.5	0	C
41	Spectrogram 1	1	71871.47228	71882.13331	7	14	0	C
42	Spectrogram 1	1	72693.93185	72706.15303	7.9	14	0	C
43	Spectrogram 1	1	72824.46447	72836.94568	8.4	13.5	0	C
44	Spectrogram 1	1	73200.98085	73213.72208	7.9	13.5	0	C
45	Spectrogram 1	1	73575.93712	73588.67835	7	14	0	C
46	Spectrogram 1	1	74625.91873	74637.61986	7.5	13.5	0	C
47	Spectrogram 1	1	75267.14076	75278.84189	7.5	14.9	0	C
48	Spectrogram 1	1	75896.66167	75908.3628	7	13.5	0	C
49	Spectrogram 1	1	77005.40884	77017.63003	7.5	12.1	0	C
50	Spectrogram 1	1	77242.03173	77254.77297	7	14.5	0	C
51	Spectrogram 1	1	77616.988	77629.98926	7.5	14	0	C
52	Spectrogram 1	1	77892.35466	77904.57584	8.9	12.6	0	C
53	Spectrogram 1	1	78125.85725	78136.25825	7.9	13.5	0	C
54	Spectrogram 1	1	78401.74392	78415.52526	7.9	13.5	0	C
55	Spectrogram 1	1	78783.46086	78796.2021	7.9	13.5	0	C
56	Spectrogram 1	1	79273.34827	79285.56945	6.1	12.6	0	C
57	Spectrogram 1	1	79573.67732	79586.67858	7	14	0	C
58	Spectrogram 1	1	80056.02394	80068.50514	7	13.1	0	C
59	Spectrogram 1	1	80354.27279	80367.7941	7.5	14.9	0	C
60	Spectrogram 1	1	80691.78544	80703.7466	7	13.1	0	C
61	Spectrogram 1	1	80935.68903	80948.69029	7	14	0	C
62	Spectrogram 1	1	81210.01557	81221.97673	7	12.1	0	C
63	Spectrogram 1	1	81474.98122	81488.50253	6.5	11.2	0	C
64	Spectrogram 1	1	81762.04895	81774.0101	8.9	13.1	0	C
65	Spectrogram 1	1	82368.94767	82381.16885	7.9	14	0	C
66	Spectrogram 1	1	82753.00477	82764.18586	7.9	13.1	0	C
67	Spectrogram 1	1	83038.5124	83051.25363	7.9	13.5	0	C
68	Spectrogram 1	1	83370.82455	83383.04574	7	11.7	0	C
69	Spectrogram 1	1	84023.74772	84036.22893	8.4	13.5	0	C
70	Spectrogram 1	1	85731.33293	85740.69383	7.5	14	0	C
71	Spectrogram 1	1	89158.72439	89169.64544	7.9	12.6	0	C
72	Spectrogram 1	1	91087.85102	91101.37233	8.4	14	0	C